0.334333330392837524
0.472166657447814941
0.503333330154418945
0.499099999666213989
0.499300003051757812
0.502099990844726562
0.697600007057189941
0.451599985361099243
0.759199976921081543
0.335833340883255005
0.472833335399627686
0.504666686058044434
0.499249994754791260
0.499300003051757812
0.501399993896484375
0.698000013828277588
0.451200008392333984
0.760399997234344482
0.335166662931442261
0.474333345890045166
0.504166662693023682
0.497999995946884155
0.497550010681152344
0.499850004911422729
0.697600007057189941
0.450399994850158691
0.759199976921081543
0.335500001907348633
0.474000006914138794
0.505333304405212402
0.499249994754791260
0.499000012874603271
0.499949991703033447
0.698000013828277588
0.451999992132186890
0.758400022983551025
0.335166662931442261
0.473333328962326050
0.504499971866607666
0.496749997138977051
0.498549997806549072
0.500249981880187988
0.697600007057189941
0.451200008392333984
0.758800029754638672
0.335666656494140625
0.473333328962326050
0.504333317279815674
0.496050000190734863
0.500100016593933105
0.501349985599517822
0.697200000286102295
0.449600011110305786
0.758400022983551025
0.335500001907348633
0.472499996423721313
0.505166649818420410
0.497700005769729614
0.499550014734268188
0.499300003051757812
0.697600007057189941
0.449999988079071045
0.758400022983551025
0.335666656494140625
0.472333341836929321
0.504166662693023682
0.498100012540817261
0.497750014066696167
0.500899970531463623
0.698400020599365234
0.449600011110305786
0.758400022983551025
0.335333347320556641
0.472000002861022949
0.504499971866607666
0.498100012540817261
0.499749988317489624
0.500100016593933105
0.697600007057189941
0.448399990797042847
0.758000016212463379
0.335833340883255005
0.472333341836929321
0.504666686058044434
0.499000012874603271
0.500299990177154541
0.500949978828430176
0.698400020599365234
0.447600007057189941
0.758800029754638672
0.335000008344650269
0.473166674375534058
0.504666686058044434
0.499350011348724365
0.500100016593933105
0.499500006437301636
0.698400020599365234
0.448399990797042847
0.758400022983551025
0.335833340883255005
0.472166657447814941
0.504666686058044434
0.498800009489059448
0.500100016593933105
0.500699996948242188
0.698000013828277588
0.447600007057189941
0.758800029754638672
0.334666669368743896
0.473666667938232422
0.505166649818420410
0.500549972057342529
0.499850004911422729
0.500249981880187988
0.698800027370452881
0.448000013828277588
0.759199976921081543
0.335500001907348633
0.472999989986419678
0.504666686058044434
0.498499989509582520
0.499350011348724365
0.501349985599517822
0.699199974536895752
0.449200004339218140
0.759199976921081543
0.335500001907348633
0.473166674375534058
0.504499971866607666
0.499099999666213989
0.499799996614456177
0.501450002193450928
0.698000013828277588
0.448799997568130493
0.759199976921081543
0.334500014781951904
0.474000006914138794
0.504666686058044434
0.499199986457824707
0.499000012874603271
0.499500006437301636
0.698000013828277588
0.448399990797042847
0.759999990463256836
0.334666669368743896
0.472166657447814941
0.504166662693023682
0.500450015068054199
0.499500006437301636
0.500199973583221436
0.698800027370452881
0.448399990797042847
0.760399997234344482
0.334833323955535889
0.474166661500930786
0.504000008106231689
0.499900013208389282
0.500500023365020752
0.501450002193450928
0.698400020599365234
0.449200004339218140
0.759999990463256836
0.335500001907348633
0.473666667938232422
0.504666686058044434
0.499799996614456177
0.499550014734268188
0.500400006771087646
0.698000013828277588
0.449999988079071045
0.759599983692169189
0.335666656494140625
0.473666667938232422
0.504666686058044434
0.499350011348724365
0.500100016593933105
0.500050008296966553
0.697200000286102295
0.450399994850158691
0.759599983692169189
0.334166675806045532
0.474000006914138794
0.504333317279815674
0.498800009489059448
0.500000000000000000
0.499199986457824707
0.696799993515014648
0.448000013828277588
0.759599983692169189
0.335500001907348633
0.473166674375534058
0.504499971866607666
0.500500023365020752
0.500599980354309082
0.500699996948242188
0.697600007057189941
0.449999988079071045
0.759999990463256836
0.335166662931442261
0.473500013351440430
0.504333317279815674
0.500699996948242188
0.498750001192092896
0.499199986457824707
0.697600007057189941
0.449999988079071045
0.759999990463256836
0.335000008344650269
0.473333328962326050
0.503666639328002930
0.499850004911422729
0.499249994754791260
0.498400002717971802
0.698400020599365234
0.448799997568130493
0.760399997234344482
0.335333347320556641
0.472666680812835693
0.503833353519439697
0.498100012540817261
0.500299990177154541
0.499850004911422729
0.697200000286102295
0.449600011110305786
0.759199976921081543
0.335500001907348633
0.472499996423721313
0.503666639328002930
0.499500006437301636
0.499350011348724365
0.499500006437301636
0.698000013828277588
0.448799997568130493
0.759599983692169189
0.335000008344650269
0.473166674375534058
0.504499971866607666
0.498849987983703613
0.499049991369247437
0.498549997806549072
0.697200000286102295
0.448799997568130493
0.759599983692169189
0.335000008344650269
0.472999989986419678
0.505166649818420410
0.499099999666213989
0.499249994754791260
0.499300003051757812
0.697600007057189941
0.449600011110305786
0.759599983692169189
0.335666656494140625
0.472666680812835693
0.504333317279815674
0.499249994754791260
0.499500006437301636
0.500699996948242188
0.697600007057189941
0.449600011110305786
0.759599983692169189
0.335333347320556641
0.472666680812835693
0.504333317279815674
0.498450011014938354
0.500949978828430176
0.499199986457824707
0.697600007057189941
0.449200004339218140
0.759599983692169189
0.335166662931442261
0.472999989986419678
0.504499971866607666
0.498699992895126343
0.499500006437301636
0.501049995422363281
0.697200000286102295
0.449200004339218140
0.758800029754638672
0.335333347320556641
0.472166657447814941
0.505166649818420410
0.498849987983703613
0.499199986457824707
0.500599980354309082
0.697600007057189941
0.448799997568130493
0.758800029754638672
0.335333347320556641
0.472499996423721313
0.503833353519439697
0.500000000000000000
0.500599980354309082
0.499199986457824707
0.698000013828277588
0.449999988079071045
0.758800029754638672
0.335000008344650269
0.472166657447814941
0.504000008106231689
0.500850021839141846
0.499099999666213989
0.500800013542175293
0.697600007057189941
0.448799997568130493
0.759199976921081543
0.335833340883255005
0.473166674375534058
0.504333317279815674
0.500450015068054199
0.499700009822845459
0.499650001525878906
0.698400020599365234
0.449200004339218140
0.758800029754638672
0.335500001907348633
0.472999989986419678
0.504499971866607666
0.498400002717971802
0.500899970531463623
0.500349998474121094
0.697600007057189941
0.449999988079071045
0.758000016212463379
0.335999995470046997
0.473666667938232422
0.505333304405212402
0.498100012540817261
0.499900013208389282
0.499350011348724365
0.698400020599365234
0.450399994850158691
0.758400022983551025
0.334500014781951904
0.473666667938232422
0.504999995231628418
0.497949987649917603
0.501749992370605469
0.499650001525878906
0.698400020599365234
0.449999988079071045
0.759199976921081543
0.335333347320556641
0.472666680812835693
0.504833340644836426
0.498299986124038696
0.500199973583221436
0.499749988317489624
0.698400020599365234
0.449600011110305786
0.758400022983551025
0.334666669368743896
0.472499996423721313
0.504166662693023682
0.499749988317489624
0.500549972057342529
0.501100003719329834
0.698800027370452881
0.449600011110305786
0.759599983692169189
0.335333347320556641
0.472333341836929321
0.503499984741210938
0.499799996614456177
0.498849987983703613
0.500150024890899658
0.698800027370452881
0.449200004339218140
0.759199976921081543
0.335500001907348633
0.472499996423721313
0.503666639328002930
0.499150007963180542
0.499949991703033447
0.500850021839141846
0.697600007057189941
0.449600011110305786
0.758800029754638672
0.334666669368743896
0.472666680812835693
0.504166662693023682
0.499799996614456177
0.500800013542175293
0.499350011348724365
0.697600007057189941
0.451200008392333984
0.759599983692169189
0.335000008344650269
0.473166674375534058
0.504499971866607666
0.499799996614456177
0.498899996280670166
0.499900013208389282
0.698400020599365234
0.451200008392333984
0.759199976921081543
0.336333334445953369
0.473333328962326050
0.504666686058044434
0.501550018787384033
0.499300003051757812
0.498899996280670166
0.698000013828277588
0.450399994850158691
0.758800029754638672
0.335833340883255005
0.473333328962326050
0.504666686058044434
0.499350011348724365
0.499700009822845459
0.499949991703033447
0.697600007057189941
0.450399994850158691
0.758800029754638672
0.334500014781951904
0.474666655063629150
0.504499971866607666
0.497850000858306885
0.499749988317489624
0.500299990177154541
0.697600007057189941
0.450800001621246338
0.759599983692169189
0.334833323955535889
0.474000006914138794
0.504333317279815674
0.499599993228912354
0.499399989843368530
0.501349985599517822
0.698000013828277588
0.450800001621246338
0.759999990463256836
0.335500001907348633
0.472833335399627686
0.504499971866607666
0.500400006771087646
0.500949978828430176
0.501550018787384033
0.698000013828277588
0.449999988079071045
0.759999990463256836
0.334666669368743896
0.474333345890045166
0.503833353519439697
0.498750001192092896
0.499049991369247437
0.500050008296966553
0.697600007057189941
0.449999988079071045
0.759999990463256836
0.335166662931442261
0.471666663885116577
0.504833340644836426
0.501500010490417480
0.498750001192092896
0.500249981880187988
0.698400020599365234
0.450800001621246338
0.759199976921081543
0.336166679859161377
0.472666680812835693
0.504166662693023682
0.500400006771087646
0.500199973583221436
0.501150012016296387
0.696799993515014648
0.450399994850158691
0.759999990463256836
0.334500014781951904
0.473166674375534058
0.505166649818420410
0.501150012016296387
0.499550014734268188
0.500599980354309082
0.697200000286102295
0.450800001621246338
0.759199976921081543
0.335000008344650269
0.473666667938232422
0.505666673183441162
0.501049995422363281
0.499700009822845459
0.500050008296966553
0.696399986743927002
0.450399994850158691
0.759199976921081543
0.335333347320556641
0.473500013351440430
0.505500018596649170
0.501049995422363281
0.497649997472763062
0.501100003719329834
0.695999979972839355
0.450800001621246338
0.758800029754638672
0.335166662931442261
0.474000006914138794
0.504833340644836426
0.500299990177154541
0.499700009822845459
0.500599980354309082
0.697200000286102295
0.452800005674362183
0.758400022983551025
0.334500014781951904
0.473500013351440430
0.504666686058044434
0.502449989318847656
0.498849987983703613
0.500349998474121094
0.697200000286102295
0.451999992132186890
0.757600009441375732
0.335333347320556641
0.473333328962326050
0.504833340644836426
0.503250002861022949
0.498450011014938354
0.500999987125396729
0.696799993515014648
0.452399998903274536
0.758000016212463379
0.335333347320556641
0.473833322525024414
0.505166649818420410
0.500949978828430176
0.498050004243850708
0.500800013542175293
0.696399986743927002
0.453999996185302734
0.757600009441375732
0.333166658878326416
0.475499987602233887
0.504333317279815674
0.499449998140335083
0.497299998998641968
0.501100003719329834
0.696799993515014648
0.452800005674362183
0.756399989128112793
0.430999994277954102
0.645833313465118408
0.531333327293395996
0.498149991035461426
0.501850008964538574
0.499000012874603271
0.241200000047683716
0.115199998021125793
0.475199997425079346
0.432333320379257202
0.648000001907348633
0.532999992370605469
0.500299990177154541
0.501649975776672363
0.498600006103515625
0.240400001406669617
0.115599997341632843
0.474799990653991699
0.433833330869674683
0.648000001907348633
0.536166667938232422
0.501150012016296387
0.501749992370605469
0.498149991035461426
0.240400001406669617
0.115599997341632843
0.475199997425079346
0.430666655302047729
0.645666658878326416
0.535499989986419678
0.499249994754791260
0.502300024032592773
0.498400002717971802
0.240799993276596069
0.115599997341632843
0.474799990653991699
0.429500013589859009
0.647166669368743896
0.534666657447814941
0.499249994754791260
0.501900017261505127
0.498199999332427979
0.239600002765655518
0.115199998021125793
0.473199993371963501
0.429833322763442993
0.647333323955535889
0.536166667938232422
0.497200012207031250
0.503350019454956055
0.498400002717971802
0.240400001406669617
0.115199998021125793
0.473199993371963501
0.429666668176651001
0.645500004291534424
0.535333335399627686
0.498149991035461426
0.502200007438659668
0.497949987649917603
0.239999994635581970
0.115999996662139893
0.472400009632110596
0.428666681051254272
0.646666646003723145
0.535666644573211670
0.498800009489059448
0.502600014209747314
0.498800009489059448
0.239600002765655518
0.115199998021125793
0.472000002861022949
0.427666664123535156
0.646833360195159912
0.537333309650421143
0.498600006103515625
0.502600014209747314
0.499000012874603271
0.239199995994567871
0.115599997341632843
0.470800012350082397
0.428999990224838257
0.646833360195159912
0.537500023841857910
0.497750014066696167
0.500899970531463623
0.498899996280670166
0.239199995994567871
0.114399999380111694
0.470400005578994751
0.428833335638046265
0.646333336830139160
0.537500023841857910
0.500450015068054199
0.500349998474121094
0.500599980354309082
0.238800004124641418
0.114399999380111694
0.469599992036819458
0.427666664123535156
0.646499991416931152
0.537000000476837158
0.497900009155273438
0.499700009822845459
0.500549972057342529
0.238800004124641418
0.115199998021125793
0.470400005578994751
0.429500013589859009
0.644500017166137695
0.535000026226043701
0.498299986124038696
0.499199986457824707
0.498800009489059448
0.239600002765655518
0.114399999380111694
0.469599992036819458
0.430000007152557373
0.645333349704742432
0.535000026226043701
0.499900013208389282
0.501500010490417480
0.498299986124038696
0.239199995994567871
0.115199998021125793
0.469599992036819458
0.430000007152557373
0.646166682243347168
0.535000026226043701
0.501500010490417480
0.501100003719329834
0.499550014734268188
0.239199995994567871
0.114399999380111694
0.468800008296966553
0.430166661739349365
0.646333336830139160
0.535833358764648438
0.500549972057342529
0.500450015068054199
0.497900009155273438
0.239999994635581970
0.114399999380111694
0.468400001525878906
0.427833318710327148
0.646000027656555176
0.537000000476837158
0.499799996614456177
0.498899996280670166
0.497900009155273438
0.239999994635581970
0.114000000059604645
0.469199985265731812
0.429666668176651001
0.646000027656555176
0.536166667938232422
0.499249994754791260
0.499900013208389282
0.496899992227554321
0.239999994635581970
0.114000000059604645
0.468400001525878906
0.429666668176651001
0.647499978542327881
0.536000013351440430
0.499900013208389282
0.500699996948242188
0.498600006103515625
0.240799993276596069
0.113600000739097595
0.467999994754791260
0.429666668176651001
0.646499991416931152
0.536499977111816406
0.500649988651275635
0.499399989843368530
0.500500023365020752
0.240400001406669617
0.113600000739097595
0.467999994754791260
0.428166657686233521
0.644166648387908936
0.535000026226043701
0.498750001192092896
0.499799996614456177
0.496800005435943604
0.240799993276596069
0.113200001418590546
0.467200011014938354
0.428000003099441528
0.645333349704742432
0.535333335399627686
0.500500023365020752
0.502349972724914551
0.497150003910064697
0.241200000047683716
0.112400002777576447
0.467599987983703613
0.428333342075347900
0.648333311080932617
0.536499977111816406
0.500500023365020752
0.500699996948242188
0.498400002717971802
0.240799993276596069
0.113200001418590546
0.467200011014938354
0.428333342075347900
0.644999980926513672
0.534333348274230957
0.498349994421005249
0.501600027084350586
0.497649997472763062
0.241600006818771362
0.112000003457069397
0.466800004243850708
0.428166657686233521
0.645333349704742432
0.534500002861022949
0.501749992370605469
0.500750005245208740
0.498299986124038696
0.240799993276596069
0.111599996685981750
0.467200011014938354
0.427333325147628784
0.648666679859161377
0.537333309650421143
0.502149999141693115
0.500750005245208740
0.498450011014938354
0.241200000047683716
0.111199997365474701
0.467599987983703613
0.426833331584930420
0.647333323955535889
0.535666644573211670
0.498899996280670166
0.500599980354309082
0.499199986457824707
0.241200000047683716
0.111599996685981750
0.467200011014938354
0.427333325147628784
0.645833313465118408
0.534500002861022949
0.499150007963180542
0.500249981880187988
0.499000012874603271
0.241200000047683716
0.111199997365474701
0.466800004243850708
0.427500009536743164
0.646333336830139160
0.534666657447814941
0.500299990177154541
0.500349998474121094
0.499449998140335083
0.242400005459785461
0.111199997365474701
0.465999990701675415
0.426499992609024048
0.645333349704742432
0.535333335399627686
0.500500023365020752
0.500450015068054199
0.499949991703033447
0.241999998688697815
0.112000003457069397
0.466399997472763062
0.427666664123535156
0.646000027656555176
0.536166667938232422
0.500000000000000000
0.500150024890899658
0.499650001525878906
0.241600006818771362
0.110799998044967651
0.465999990701675415
0.427166670560836792
0.645333349704742432
0.535833358764648438
0.501299977302551270
0.500450015068054199
0.499949991703033447
0.241600006818771362
0.112400002777576447
0.465600013732910156
0.426833331584930420
0.645166695117950439
0.535000026226043701
0.502399981021881104
0.499550014734268188
0.500750005245208740
0.241600006818771362
0.112000003457069397
0.466399997472763062
0.425000011920928955
0.644833326339721680
0.535666644573211670
0.501850008964538574
0.499300003051757812
0.498650014400482178
0.240799993276596069
0.112400002777576447
0.466800004243850708
0.427666664123535156
0.646166682243347168
0.537000000476837158
0.500899970531463623
0.498750001192092896
0.499550014734268188
0.240799993276596069
0.112000003457069397
0.465999990701675415
0.427500009536743164
0.647499978542327881
0.536666691303253174
0.501049995422363281
0.498950004577636719
0.500150024890899658
0.240400001406669617
0.112800002098083496
0.466800004243850708
0.426833331584930420
0.647333323955535889
0.536166667938232422
0.500899970531463623
0.499150007963180542
0.500400006771087646
0.240799993276596069
0.112800002098083496
0.467200011014938354
0.427166670560836792
0.645166695117950439
0.534500002861022949
0.502149999141693115
0.497550010681152344
0.500999987125396729
0.240400001406669617
0.111599996685981750
0.467200011014938354
0.427500009536743164
0.645500004291534424
0.535333335399627686
0.500299990177154541
0.499700009822845459
0.500699996948242188
0.240400001406669617
0.112800002098083496
0.467599987983703613
0.427333325147628784
0.645500004291534424
0.533833324909210205
0.504050016403198242
0.499049991369247437
0.500699996948242188
0.240799993276596069
0.112800002098083496
0.467599987983703613
0.427333325147628784
0.647333323955535889
0.533500015735626221
0.503199994564056396
0.499749988317489624
0.500249981880187988
0.240400001406669617
0.112800002098083496
0.467999994754791260
0.427166670560836792
0.647000014781951904
0.535499989986419678
0.501600027084350586
0.498199999332427979
0.501950025558471680
0.240400001406669617
0.113200001418590546
0.468400001525878906
0.427666664123535156
0.647666692733764648
0.536333322525024414
0.501800000667572021
0.497750014066696167
0.500549972057342529
0.239600002765655518
0.113600000739097595
0.469199985265731812
0.429166674613952637
0.647166669368743896
0.536000013351440430
0.500850021839141846
0.497649997472763062
0.501850008964538574
0.239600002765655518
0.114000000059604645
0.468800008296966553
0.428499996662139893
0.646333336830139160
0.533666670322418213
0.501450002193450928
0.497999995946884155
0.502799987792968750
0.239600002765655518
0.114000000059604645
0.469599992036819458
0.428999990224838257
0.649666666984558105
0.535333335399627686
0.499099999666213989
0.496950000524520874
0.501500010490417480
0.238800004124641418
0.115199998021125793
0.468800008296966553
0.429833322763442993
0.647666692733764648
0.532500028610229492
0.500549972057342529
0.497099995613098145
0.503400027751922607
0.238800004124641418
0.115199998021125793
0.469599992036819458
0.430166661739349365
0.644333362579345703
0.531833350658416748
0.501500010490417480
0.497999995946884155
0.500800013542175293
0.238000005483627319
0.115999996662139893
0.469599992036819458
0.430166661739349365
0.646666646003723145
0.534833312034606934
0.502099990844726562
0.499700009822845459
0.501500010490417480
0.237599998712539673
0.115199998021125793
0.469599992036819458
0.430666655302047729
0.642499983310699463
0.533333361148834229
0.499650001525878906
0.500549972057342529
0.499449998140335083
0.237200006842613220
0.116400003433227539
0.468800008296966553
0.428333342075347900
0.641166687011718750
0.534333348274230957
0.499799996614456177
0.501150012016296387
0.497850000858306885
0.237200006842613220
0.115999996662139893
0.469199985265731812
0.429333329200744629
0.645333349704742432
0.537333309650421143
0.498549997806549072
0.500850021839141846
0.497399985790252686
0.238000005483627319
0.115599997341632843
0.468400001525878906
0.428000003099441528
0.647333323955535889
0.536666691303253174
0.494749993085861206
0.499900013208389282
0.496749997138977051
0.238800004124641418
0.114799998700618744
0.467999994754791260
0.428333342075347900
0.645500004291534424
0.535166680812835693
0.494949996471405029
0.500699996948242188
0.496850013732910156
0.239199995994567871
0.114000000059604645
0.467200011014938354
0.427500009536743164
0.644500017166137695
0.536666691303253174
0.494899988174438477
0.501049995422363281
0.495950013399124146
0.240400001406669617
0.113200001418590546
0.465999990701675415
0.426499992609024048
0.644500017166137695
0.539166688919067383
0.494500011205673218
0.500100016593933105
0.495700001716613770
0.240799993276596069
0.112000003457069397
0.463999986648559570
0.426833331584930420
0.642333328723907471
0.538999974727630615
0.490799993276596069
0.499850004911422729
0.493200004100799561
0.241600006818771362
0.110799998044967651
0.462799996137619019
0.426666676998138428
0.641666650772094727
0.539833307266235352
0.488999992609024048
0.498699992895126343
0.491299986839294434
0.243599995970726013
0.109999999403953552
0.460399985313415527
0.427333325147628784
0.641833305358886719
0.543166637420654297
0.482800006866455078
0.499000012874603271
0.489250004291534424
0.245199993252754211
0.108000002801418304
0.457199990749359131
0.425833344459533691
0.638999998569488525
0.540833353996276855
0.477400004863739014
0.500400006771087646
0.487100005149841309
0.247600004076957703
0.105599999427795410
0.452800005674362183
0.631833314895629883
0.505166649818420410
0.600333333015441895
0.501550018787384033
0.499150007963180542
0.498400002717971802
0.317600011825561523
0.645600020885467529
0.289200007915496826
0.633166670799255371
0.510666668415069580
0.600666642189025879
0.501200020313262939
0.499700009822845459
0.500999987125396729
0.317999988794326782
0.646000027656555176
0.289600014686584473
0.632166683673858643
0.513666689395904541
0.599833309650421143
0.501550018787384033
0.500500023365020752
0.501900017261505127
0.318399995565414429
0.645600020885467529
0.289600014686584473
0.631166636943817139
0.509500026702880859
0.601000010967254639
0.501299977302551270
0.500100016593933105
0.503350019454956055
0.318399995565414429
0.645600020885467529
0.289600014686584473
0.632499992847442627
0.509333312511444092
0.598666667938232422
0.503250002861022949
0.498149991035461426
0.501850008964538574
0.318800002336502075
0.645200014114379883
0.289600014686584473
0.632666647434234619
0.511666655540466309
0.597333312034606934
0.505850017070770264
0.501550018787384033
0.501399993896484375
0.318800002336502075
0.645200014114379883
0.288399994373321533
0.632000029087066650
0.513333320617675781
0.601666688919067383
0.504149973392486572
0.501500010490417480
0.501349985599517822
0.319999992847442627
0.645200014114379883
0.287999987602233887
0.633333325386047363
0.512000024318695068
0.600666642189025879
0.503849983215332031
0.500050008296966553
0.501550018787384033
0.319599986076354980
0.644800007343292236
0.287999987602233887
0.632499992847442627
0.510999977588653564
0.601166665554046631
0.502349972724914551
0.499650001525878906
0.502499997615814209
0.319599986076354980
0.644800007343292236
0.287999987602233887
0.633000016212463379
0.515166640281677246
0.602666676044464111
0.501349985599517822
0.501500010490417480
0.500500023365020752
0.319599986076354980
0.643599987030029297
0.287200003862380981
0.632333338260650635
0.513000011444091797
0.600666642189025879
0.502300024032592773
0.500249981880187988
0.501500010490417480
0.319599986076354980
0.644800007343292236
0.286399990320205688
0.632000029087066650
0.510333359241485596
0.599500000476837158
0.500199973583221436
0.501500010490417480
0.500450015068054199
0.320800006389617920
0.643999993801116943
0.286399990320205688
0.631500005722045898
0.513666689395904541
0.599833309650421143
0.501550018787384033
0.502600014209747314
0.500150024890899658
0.320800006389617920
0.643999993801116943
0.285199999809265137
0.632333338260650635
0.513999998569488525
0.599666655063629150
0.503350019454956055
0.500349998474121094
0.502300024032592773
0.319599986076354980
0.644400000572204590
0.284799993038177490
0.632333338260650635
0.512833356857299805
0.601999998092651367
0.501749992370605469
0.499650001525878906
0.501200020313262939
0.320399999618530273
0.643999993801116943
0.285199999809265137
0.631666660308837891
0.510166645050048828
0.599666655063629150
0.501649975776672363
0.497900009155273438
0.500649988651275635
0.320800006389617920
0.643999993801116943
0.286000013351440430
0.632166683673858643
0.512000024318695068
0.598500013351440430
0.500800013542175293
0.500100016593933105
0.499900013208389282
0.320399999618530273
0.644400000572204590
0.285199999809265137
0.632166683673858643
0.512166678905487061
0.601000010967254639
0.502200007438659668
0.500800013542175293
0.499949991703033447
0.319999992847442627
0.643599987030029297
0.285199999809265137
0.633499979972839355
0.512333333492279053
0.599833309650421143
0.502799987792968750
0.497399985790252686
0.500649988651275635
0.320399999618530273
0.643599987030029297
0.285199999809265137
0.632666647434234619
0.513333320617675781
0.599500000476837158
0.501450002193450928
0.498750001192092896
0.500599980354309082
0.319200009107589722
0.644400000572204590
0.283600002527236938
0.632166683673858643
0.512499988079071045
0.600166678428649902
0.502600014209747314
0.499399989843368530
0.500249981880187988
0.319599986076354980
0.642799973487854004
0.283199995756149292
0.633333325386047363
0.513166666030883789
0.599833309650421143
0.501999974250793457
0.498349994421005249
0.500100016593933105
0.319599986076354980
0.642799973487854004
0.283600002527236938
0.633666694164276123
0.512499988079071045
0.596833348274230957
0.502250015735626221
0.500949978828430176
0.500850021839141846
0.319599986076354980
0.643599987030029297
0.283600002527236938
0.633000016212463379
0.514166653156280518
0.602166652679443359
0.502699971199035645
0.499449998140335083
0.500850021839141846
0.318800002336502075
0.642799973487854004
0.282799988985061646
0.633833348751068115
0.514500021934509277
0.601833343505859375
0.502749979496002197
0.498149991035461426
0.500949978828430176
0.318800002336502075
0.642799973487854004
0.283199995756149292
0.634500026702880859
0.511333346366882324
0.595000028610229492
0.501550018787384033
0.499049991369247437
0.497599989175796509
0.318399995565414429
0.642799973487854004
0.282799988985061646
0.633833348751068115
0.511333346366882324
0.597999989986419678
0.501999974250793457
0.501500010490417480
0.500549972057342529
0.318800002336502075
0.642799973487854004
0.282400012016296387
0.634000003337860107
0.513333320617675781
0.599333345890045166
0.502099990844726562
0.499399989843368530
0.499150007963180542
0.318800002336502075
0.642799973487854004
0.281599998474121094
0.635166645050048828
0.515833318233489990
0.598666667938232422
0.501049995422363281
0.501600027084350586
0.500400006771087646
0.318399995565414429
0.642799973487854004
0.281599998474121094
0.633166670799255371
0.513000011444091797
0.599833309650421143
0.501150012016296387
0.498699992895126343
0.499900013208389282
0.318800002336502075
0.641600012779235840
0.281199991703033447
0.633833348751068115
0.517166674137115479
0.598833322525024414
0.502300024032592773
0.499000012874603271
0.499900013208389282
0.317600011825561523
0.642000019550323486
0.280800014734268188
0.634166657924652100
0.517166674137115479
0.600333333015441895
0.499949991703033447
0.500599980354309082
0.504000008106231689
0.318399995565414429
0.642400026321411133
0.281199991703033447
0.633000016212463379
0.512333333492279053
0.600499987602233887
0.498600006103515625
0.500150024890899658
0.503449976444244385
0.319200009107589722
0.641600012779235840
0.281599998474121094
0.633000016212463379
0.511166691780090332
0.597999989986419678
0.498600006103515625
0.499500006437301636
0.500100016593933105
0.319599986076354980
0.642400026321411133
0.281599998474121094
0.634000003337860107
0.515999972820281982
0.599333345890045166
0.499449998140335083
0.499500006437301636
0.499150007963180542
0.318399995565414429
0.642400026321411133
0.282000005245208740
0.634833335876464844
0.516333341598510742
0.598833322525024414
0.500100016593933105
0.499949991703033447
0.500000000000000000
0.318399995565414429
0.642000019550323486
0.281599998474121094
0.634500026702880859
0.512833356857299805
0.599333345890045166
0.498499989509582520
0.502600014209747314
0.501450002193450928
0.319200009107589722
0.642400026321411133
0.282400012016296387
0.633833348751068115
0.513833343982696533
0.599166691303253174
0.499099999666213989
0.500699996948242188
0.501399993896484375
0.319200009107589722
0.643199980258941650
0.282799988985061646
0.633833348751068115
0.515833318233489990
0.598500013351440430
0.498600006103515625
0.500150024890899658
0.500349998474121094
0.318399995565414429
0.642799973487854004
0.282799988985061646
0.634666681289672852
0.515999972820281982
0.599333345890045166
0.498050004243850708
0.499249994754791260
0.502149999141693115
0.319200009107589722
0.643199980258941650
0.283600002527236938
0.635333359241485596
0.512333333492279053
0.597500026226043701
0.498899996280670166
0.497949987649917603
0.501100003719329834
0.319200009107589722
0.643999993801116943
0.282799988985061646
0.633833348751068115
0.510999977588653564
0.599666655063629150
0.496800005435943604
0.499550014734268188
0.501299977302551270
0.319999992847442627
0.642799973487854004
0.284000009298324585
0.633833348751068115
0.511166691780090332
0.598500013351440430
0.497150003910064697
0.499900013208389282
0.502149999141693115
0.319999992847442627
0.643999993801116943
0.284000009298324585
0.633499979972839355
0.513833343982696533
0.597666680812835693
0.498250007629394531
0.502099990844726562
0.502200007438659668
0.319200009107589722
0.643599987030029297
0.284000009298324585
0.634000003337860107
0.510166645050048828
0.597833335399627686
0.498450011014938354
0.502699971199035645
0.500050008296966553
0.320399999618530273
0.643999993801116943
0.284799993038177490
0.635166645050048828
0.510500013828277588
0.597500026226043701
0.498499989509582520
0.501699984073638916
0.500150024890899658
0.320399999618530273
0.643999993801116943
0.284799993038177490
0.634166657924652100
0.510999977588653564
0.601833343505859375
0.498400002717971802
0.503600001335144043
0.502099990844726562
0.321200013160705566
0.644800007343292236
0.285199999809265137
0.633333325386047363
0.513499975204467773
0.599333345890045166
0.499449998140335083
0.501150012016296387
0.501450002193450928
0.321999996900558472
0.644400000572204590
0.285600006580352783
0.632666647434234619
0.510999977588653564
0.595333337783813477
0.498450011014938354
0.501550018787384033
0.503899991512298584
0.321200013160705566
0.643999993801116943
0.285600006580352783
0.629000008106231689
0.509666681289672852
0.598166644573211670
0.501749992370605469
0.500450015068054199
0.501200020313262939
0.321999996900558472
0.643999993801116943
0.285199999809265137
0.628666639328002930
0.508333325386047363
0.596333324909210205
0.501950025558471680
0.497500002384185791
0.499900013208389282
0.321999996900558472
0.643599987030029297
0.284000009298324585
0.630999982357025146
0.511166691780090332
0.594833314418792725
0.503650009632110596
0.500750005245208740
0.497900009155273438
0.321999996900558472
0.643999993801116943
0.284799993038177490
0.632666647434234619
0.511333346366882324
0.598833322525024414
0.505500018596649170
0.503000020980834961
0.497150003910064697
0.320800006389617920
0.643599987030029297
0.283199995756149292
0.633333325386047363
0.513666689395904541
0.600499987602233887
0.505450010299682617
0.502099990844726562
0.496050000190734863
0.321200013160705566
0.643199980258941650
0.282400012016296387
0.631833314895629883
0.513666689395904541
0.598166644573211670
0.506500005722045898
0.500150024890899658
0.496800005435943604
0.320800006389617920
0.642400026321411133
0.280800014734268188
0.630333304405212402
0.512333333492279053
0.597166657447814941
0.506649971008300781
0.502200007438659668
0.494549989700317383
0.319599986076354980
0.641200006008148193
0.280400007963180542
0.628499984741210938
0.511500000953674316
0.596499979496002197
0.507350027561187744
0.503949999809265137
0.492549985647201538
0.318800002336502075
0.640799999237060547
0.278800010681152344
0.626666665077209473
0.509666681289672852
0.594666659832000732
0.509000003337860107
0.503949999809265137
0.486750006675720215
0.316799998283386230
0.639999985694885254
0.277599990367889404
0.626166641712188721
0.512666642665863037
0.592333316802978516
0.515299975872039795
0.506649971008300781
0.484800010919570923
0.315200001001358032
0.638000011444091797
0.274399995803833008
0.625833332538604736
0.518166661262512207
0.593500018119812012
0.520799994468688965
0.509000003337860107
0.480549991130828857
0.311199992895126343
0.636399984359741211
0.272000014781951904
0.339666664600372314
0.449833333492279053
0.496666669845581055
0.495849996805191040
0.501749992370605469
0.502950012683868408
0.433600008487701416
0.729200005531311035
0.476799994707107544
0.338833332061767578
0.450833320617675781
0.496333330869674683
0.499500006437301636
0.499000012874603271
0.501049995422363281
0.434399992227554321
0.728799998760223389
0.476399987936019897
0.339500010013580322
0.450500011444091797
0.496333330869674683
0.498899996280670166
0.498950004577636719
0.499949991703033447
0.433600008487701416
0.729600012302398682
0.476799994707107544
0.340833336114883423
0.452499985694885254
0.495833337306976318
0.500450015068054199
0.497799992561340332
0.499700009822845459
0.433999985456466675
0.728799998760223389
0.475600004196166992
0.340666681528091431
0.453333348035812378
0.494500011205673218
0.499949991703033447
0.499150007963180542
0.499150007963180542
0.433200001716613770
0.729600012302398682
0.476000010967254639
0.341833323240280151
0.454666674137115479
0.494666665792465210
0.499399989843368530
0.500000000000000000
0.499049991369247437
0.433200001716613770
0.728799998760223389
0.476000010967254639
0.341666668653488159
0.452666670083999634
0.494166672229766846
0.497999995946884155
0.500999987125396729
0.500249981880187988
0.432799994945526123
0.729600012302398682
0.476000010967254639
0.340999990701675415
0.452333331108093262
0.495833337306976318
0.497900009155273438
0.500349998474121094
0.501500010490417480
0.433600008487701416
0.730000019073486328
0.476000010967254639
0.340000003576278687
0.450666666030883789
0.497000008821487427
0.497049987316131592
0.500549972057342529
0.500899970531463623
0.433600008487701416
0.730000019073486328
0.477200001478195190
0.340499997138977051
0.449999988079071045
0.498333334922790527
0.497350007295608521
0.500699996948242188
0.500050008296966553
0.432399988174438477
0.729200005531311035
0.476399987936019897
0.341166675090789795
0.450666666030883789
0.496499985456466675
0.499599993228912354
0.500100016593933105
0.499550014734268188
0.433600008487701416
0.728799998760223389
0.476399987936019897
0.340499997138977051
0.452666670083999634
0.495499998331069946
0.499500006437301636
0.499799996614456177
0.500549972057342529
0.433200001716613770
0.728799998760223389
0.476799994707107544
0.340999990701675415
0.451999992132186890
0.494500011205673218
0.498499989509582520
0.500899970531463623
0.501349985599517822
0.432799994945526123
0.728799998760223389
0.476799994707107544
0.340499997138977051
0.451333343982696533
0.495166659355163574
0.498600006103515625
0.500500023365020752
0.500349998474121094
0.432799994945526123
0.729600012302398682
0.476399987936019897
0.340666681528091431
0.451499998569488525
0.496499985456466675
0.498600006103515625
0.501450002193450928
0.500299990177154541
0.433200001716613770
0.729200005531311035
0.477200001478195190
0.340333342552185059
0.451666653156280518
0.496166676282882690
0.498299986124038696
0.500699996948242188
0.500899970531463623
0.432399988174438477
0.728799998760223389
0.476399987936019897
0.340666681528091431
0.452166676521301270
0.495166659355163574
0.496399998664855957
0.501150012016296387
0.501800000667572021
0.432799994945526123
0.729200005531311035
0.477200001478195190
0.339666664600372314
0.450333327054977417
0.495666652917861938
0.499700009822845459
0.500699996948242188
0.499850004911422729
0.432799994945526123
0.728799998760223389
0.476799994707107544
0.340499997138977051
0.450166672468185425
0.495833337306976318
0.499049991369247437
0.500299990177154541
0.499949991703033447
0.432399988174438477
0.728799998760223389
0.476799994707107544
0.340833336114883423
0.450666666030883789
0.495833337306976318
0.499350011348724365
0.499749988317489624
0.501100003719329834
0.433200001716613770
0.728799998760223389
0.477200001478195190
0.340499997138977051
0.452166676521301270
0.494666665792465210
0.499599993228912354
0.498849987983703613
0.499449998140335083
0.432799994945526123
0.728799998760223389
0.477200001478195190
0.340833336114883423
0.451999992132186890
0.494833320379257202
0.499049991369247437
0.499900013208389282
0.500249981880187988
0.432399988174438477
0.728799998760223389
0.477600008249282837
0.341333329677581787
0.451000005006790161
0.494500011205673218
0.500150024890899658
0.500599980354309082
0.501699984073638916
0.432399988174438477
0.729200005531311035
0.476799994707107544
0.340666681528091431
0.450666666030883789
0.495999991893768311
0.497999995946884155
0.499249994754791260
0.500450015068054199
0.432399988174438477
0.728799998760223389
0.476399987936019897
0.340333342552185059
0.450833320617675781
0.495999991893768311
0.498950004577636719
0.500100016593933105
0.500150024890899658
0.432399988174438477
0.727999985218048096
0.477600008249282837
0.340833336114883423
0.449833333492279053
0.496333330869674683
0.499199986457824707
0.500899970531463623
0.499150007963180542
0.432799994945526123
0.729200005531311035
0.476799994707107544
0.340999990701675415
0.451666653156280518
0.496666669845581055
0.499049991369247437
0.500100016593933105
0.501699984073638916
0.432399988174438477
0.728399991989135742
0.477600008249282837
0.341166675090789795
0.451833337545394897
0.496333330869674683
0.500000000000000000
0.499350011348724365
0.501299977302551270
0.432799994945526123
0.729200005531311035
0.476399987936019897
0.340999990701675415
0.452166676521301270
0.495499998331069946
0.499749988317489624
0.501200020313262939
0.501600027084350586
0.432799994945526123
0.729200005531311035
0.476000010967254639
0.340666681528091431
0.451999992132186890
0.495499998331069946
0.498849987983703613
0.498750001192092896
0.501999974250793457
0.432000011205673218
0.727999985218048096
0.476399987936019897
0.340833336114883423
0.451666653156280518
0.496166676282882690
0.500249981880187988
0.499949991703033447
0.500349998474121094
0.432399988174438477
0.729200005531311035
0.476399987936019897
0.340499997138977051
0.449833333492279053
0.496833324432373047
0.498299986124038696
0.501100003719329834
0.500500023365020752
0.432399988174438477
0.729200005531311035
0.476799994707107544
0.340833336114883423
0.451000005006790161
0.497000008821487427
0.500199973583221436
0.503449976444244385
0.501550018787384033
0.432399988174438477
0.729600012302398682
0.476399987936019897
0.342333346605300903
0.451499998569488525
0.495999991893768311
0.498250007629394531
0.500000000000000000
0.501399993896484375
0.432399988174438477
0.728399991989135742
0.476799994707107544
0.341166675090789795
0.451833337545394897
0.495833337306976318
0.499900013208389282
0.499049991369247437
0.500699996948242188
0.432000011205673218
0.729200005531311035
0.476799994707107544
0.340499997138977051
0.450666666030883789
0.494833320379257202
0.498499989509582520
0.500899970531463623
0.500549972057342529
0.432399988174438477
0.729200005531311035
0.476799994707107544
0.340499997138977051
0.451499998569488525
0.496499985456466675
0.498299986124038696
0.501049995422363281
0.499650001525878906
0.432799994945526123
0.729200005531311035
0.477200001478195190
0.341166675090789795
0.453166663646697998
0.495999991893768311
0.499449998140335083
0.499949991703033447
0.500800013542175293
0.432399988174438477
0.729600012302398682
0.476399987936019897
0.340499997138977051
0.452333331108093262
0.495833337306976318
0.498600006103515625
0.500150024890899658
0.501100003719329834
0.432399988174438477
0.729200005531311035
0.476000010967254639
0.341166675090789795
0.450166672468185425
0.495166659355163574
0.498600006103515625
0.500750005245208740
0.502550005912780762
0.431600004434585571
0.729200005531311035
0.476399987936019897
0.340833336114883423
0.450333327054977417
0.497000008821487427
0.497700005769729614
0.500150024890899658
0.501049995422363281
0.432399988174438477
0.728799998760223389
0.476399987936019897
0.340166658163070679
0.449999988079071045
0.497500002384185791
0.498950004577636719
0.499949991703033447
0.502149999141693115
0.432399988174438477
0.729200005531311035
0.476399987936019897
0.340666681528091431
0.450500011444091797
0.496333330869674683
0.499249994754791260
0.500000000000000000
0.500899970531463623
0.432399988174438477
0.729600012302398682
0.476399987936019897
0.341500014066696167
0.451666653156280518
0.496166676282882690
0.500549972057342529
0.499850004911422729
0.502049982547760010
0.432399988174438477
0.728399991989135742
0.475600004196166992
0.341166675090789795
0.453000009059906006
0.496333330869674683
0.499599993228912354
0.500500023365020752
0.501500010490417480
0.433200001716613770
0.729200005531311035
0.476000010967254639
0.340166658163070679
0.452499985694885254
0.495499998331069946
0.498750001192092896
0.499949991703033447
0.500850021839141846
0.432399988174438477
0.728399991989135742
0.475600004196166992
0.340666681528091431
0.451666653156280518
0.494833320379257202
0.497999995946884155
0.500949978828430176
0.500450015068054199
0.432799994945526123
0.729200005531311035
0.476000010967254639
0.341166675090789795
0.451499998569488525
0.495833337306976318
0.497049987316131592
0.500899970531463623
0.500249981880187988
0.433200001716613770
0.728799998760223389
0.476000010967254639
0.340499997138977051
0.452499985694885254
0.495666652917861938
0.498199999332427979
0.500850021839141846
0.500549972057342529
0.432000011205673218
0.729600012302398682
0.476000010967254639
0.341833323240280151
0.453000009059906006
0.495166659355163574
0.499449998140335083
0.500750005245208740
0.500699996948242188
0.432799994945526123
0.729600012302398682
0.476000010967254639
0.341666668653488159
0.451333343982696533
0.495666652917861938
0.496349990367889404
0.501100003719329834
0.501850008964538574
0.432399988174438477
0.729600012302398682
0.475199997425079346
0.339500010013580322
0.450833320617675781
0.496833324432373047
0.498299986124038696
0.500850021839141846
0.500699996948242188
0.433200001716613770
0.729200005531311035
0.476399987936019897
0.339500010013580322
0.450666666030883789
0.494833320379257202
0.497599989175796509
0.501399993896484375
0.500850021839141846
0.432399988174438477
0.730000019073486328
0.475600004196166992
0.341166675090789795
0.451499998569488525
0.495999991893768311
0.499550014734268188
0.500800013542175293
0.500500023365020752
0.432799994945526123
0.729600012302398682
0.476399987936019897
0.341166675090789795
0.453999996185302734
0.496333330869674683
0.497999995946884155
0.499599993228912354
0.499949991703033447
0.432799994945526123
0.728799998760223389
0.476799994707107544
0.340999990701675415
0.452666670083999634
0.495499998331069946
0.497850000858306885
0.500199973583221436
0.500999987125396729
0.433200001716613770
0.729200005531311035
0.476399987936019897
0.342166662216186523
0.451999992132186890
0.495166659355163574
0.495849996805191040
0.500549972057342529
0.501699984073638916
0.433200001716613770
0.728799998760223389
0.476799994707107544
0.342000007629394531
0.450333327054977417
0.495499998331069946
0.498549997806549072
0.500500023365020752
0.500949978828430176
0.433600008487701416
0.729200005531311035
0.477200001478195190
0.340333342552185059
0.450333327054977417
0.496333330869674683
0.497750014066696167
0.500549972057342529
0.501900017261505127
0.433200001716613770
0.730000019073486328
0.477600008249282837
0.340833336114883423
0.450166672468185425
0.495166659355163574
0.497249990701675415
0.500649988651275635
0.500000000000000000
0.432799994945526123
0.728799998760223389
0.477600008249282837
0.435333341360092163
0.351333320140838623
0.548500001430511475
0.494700014591217041
0.502399981021881104
0.499900013208389282
0.091200001537799835
0.632000029087066650
0.154799997806549072
0.435499995946884155
0.352333337068557739
0.546999990940093994
0.496549993753433228
0.503149986267089844
0.501600027084350586
0.090800002217292786
0.631200015544891357
0.154400005936622620
0.435166656970977783
0.351333320140838623
0.547333359718322754
0.497599989175796509
0.504299998283386230
0.501900017261505127
0.090800002217292786
0.632000029087066650
0.155200004577636719
0.434666663408279419
0.352999985218048096
0.546833336353302002
0.498800009489059448
0.504400014877319336
0.502499997615814209
0.091600000858306885
0.631600022315979004
0.153600007295608521
0.435000002384185791
0.352333337068557739
0.547500014305114746
0.497150003910064697
0.501349985599517822
0.501950025558471680
0.091200001537799835
0.632000029087066650
0.152799993753433228
0.434833347797393799
0.351166665554046631
0.546999990940093994
0.497850000858306885
0.502200007438659668
0.501550018787384033
0.092399999499320984
0.631600022315979004
0.153200000524520874
0.434666663408279419
0.353666663169860840
0.546500027179718018
0.496699988842010498
0.500949978828430176
0.501950025558471680
0.092399999499320984
0.631600022315979004
0.152400001883506775
0.434833347797393799
0.352166652679443359
0.547999978065490723
0.496399998664855957
0.500649988651275635
0.501250028610229492
0.092000000178813934
0.632000029087066650
0.152799993753433228
0.435333341360092163
0.351833343505859375
0.547666668891906738
0.496149986982345581
0.500450015068054199
0.503799974918365479
0.091600000858306885
0.631600022315979004
0.153600007295608521
0.435833334922790527
0.352666676044464111
0.548333346843719482
0.497599989175796509
0.501100003719329834
0.501100003719329834
0.091600000858306885
0.630400002002716064
0.153200000524520874
0.435666680335998535
0.353166669607162476
0.547500014305114746
0.496349990367889404
0.501500010490417480
0.501349985599517822
0.091200001537799835
0.630800008773803711
0.153200000524520874
0.434666663408279419
0.352499991655349731
0.547500014305114746
0.495099991559982300
0.502099990844726562
0.502049982547760010
0.091600000858306885
0.632000029087066650
0.152400001883506775
0.435166656970977783
0.351333320140838623
0.546666681766510010
0.495950013399124146
0.501999974250793457
0.502049982547760010
0.091600000858306885
0.631200015544891357
0.152799993753433228
0.435499995946884155
0.352166652679443359
0.546833336353302002
0.496499985456466675
0.502499997615814209
0.502250015735626221
0.090800002217292786
0.631200015544891357
0.152799993753433228
0.435999989509582520
0.351500004529953003
0.546833336353302002
0.497200012207031250
0.501049995422363281
0.501299977302551270
0.091600000858306885
0.631200015544891357
0.153999999165534973
0.434500008821487427
0.352833330631256104
0.547500014305114746
0.496349990367889404
0.501950025558471680
0.500150024890899658
0.091600000858306885
0.631200015544891357
0.153600007295608521
0.435166656970977783
0.351666659116744995
0.546000003814697266
0.494549989700317383
0.501399993896484375
0.501649975776672363
0.090800002217292786
0.631600022315979004
0.153600007295608521
0.435333341360092163
0.351666659116744995
0.546333312988281250
0.497150003910064697
0.501600027084350586
0.502200007438659668
0.091200001537799835
0.630800008773803711
0.154400005936622620
0.435999989509582520
0.351833343505859375
0.547999978065490723
0.496399998664855957
0.502300024032592773
0.502099990844726562
0.092000000178813934
0.631600022315979004
0.154400005936622620
0.435999989509582520
0.351833343505859375
0.546500027179718018
0.498149991035461426
0.501100003719329834
0.500850021839141846
0.090400002896785736
0.630800008773803711
0.153600007295608521
0.435166656970977783
0.352499991655349731
0.546833336353302002
0.499000012874603271
0.501100003719329834
0.502149999141693115
0.090400002896785736
0.630400002002716064
0.153200000524520874
0.435833334922790527
0.350499987602233887
0.546500027179718018
0.496749997138977051
0.501699984073638916
0.501399993896484375
0.090400002896785736
0.630400002002716064
0.153999999165534973
0.436166673898696899
0.352333337068557739
0.547166645526885986
0.497949987649917603
0.501800000667572021
0.502250015735626221
0.090800002217292786
0.630800008773803711
0.154799997806549072
0.435999989509582520
0.352166652679443359
0.547166645526885986
0.497150003910064697
0.500899970531463623
0.502550005912780762
0.091600000858306885
0.630400002002716064
0.153999999165534973
0.435833334922790527
0.351999998092651367
0.547666668891906738
0.497599989175796509
0.501150012016296387
0.501749992370605469
0.091600000858306885
0.630800008773803711
0.153600007295608521
0.435999989509582520
0.352166652679443359
0.546833336353302002
0.498100012540817261
0.500850021839141846
0.502300024032592773
0.090400002896785736
0.630400002002716064
0.153600007295608521
0.435499995946884155
0.352333337068557739
0.547833323478698730
0.497249990701675415
0.500899970531463623
0.503300011157989502
0.091200001537799835
0.630400002002716064
0.153200000524520874
0.434833347797393799
0.352333337068557739
0.547166645526885986
0.497799992561340332
0.503350019454956055
0.501150012016296387
0.091600000858306885
0.629999995231628418
0.153200000524520874
0.435499995946884155
0.352333337068557739
0.546500027179718018
0.497099995613098145
0.503250002861022949
0.503000020980834961
0.090800002217292786
0.629999995231628418
0.153600007295608521
0.435333341360092163
0.351666659116744995
0.547500014305114746
0.497700005769729614
0.500750005245208740
0.501649975776672363
0.091600000858306885
0.630800008773803711
0.153600007295608521
0.435833334922790527
0.352999985218048096
0.547333359718322754
0.497449994087219238
0.501900017261505127
0.501500010490417480
0.091600000858306885
0.631200015544891357
0.152400001883506775
0.435666680335998535
0.351999998092651367
0.547333359718322754
0.495950013399124146
0.502950012683868408
0.501699984073638916
0.091200001537799835
0.630800008773803711
0.152799993753433228
0.435166656970977783
0.351999998092651367
0.546999990940093994
0.495700001716613770
0.501250028610229492
0.502399981021881104
0.090800002217292786
0.630800008773803711
0.152400001883506775
0.435833334922790527
0.352166652679443359
0.546999990940093994
0.496399998664855957
0.502149999141693115
0.502449989318847656
0.092000000178813934
0.630400002002716064
0.152799993753433228
0.435833334922790527
0.352499991655349731
0.547166645526885986
0.495849996805191040
0.501699984073638916
0.501649975776672363
0.090800002217292786
0.630400002002716064
0.152400001883506775
0.435833334922790527
0.350666671991348267
0.546666681766510010
0.496149986982345581
0.500249981880187988
0.502250015735626221
0.091600000858306885
0.629999995231628418
0.153600007295608521
0.435666680335998535
0.351999998092651367
0.547166645526885986
0.497049987316131592
0.501049995422363281
0.501450002193450928
0.092399999499320984
0.630800008773803711
0.153600007295608521
0.434500008821487427
0.352333337068557739
0.547833323478698730
0.495400011539459229
0.502950012683868408
0.501850008964538574
0.090800002217292786
0.630400002002716064
0.152799993753433228
0.435333341360092163
0.351500004529953003
0.546166658401489258
0.496749997138977051
0.500899970531463623
0.500850021839141846
0.091600000858306885
0.630800008773803711
0.152799993753433228
0.436166673898696899
0.352333337068557739
0.546666681766510010
0.498050004243850708
0.500050008296966553
0.500750005245208740
0.091600000858306885
0.629999995231628418
0.152799993753433228
0.436166673898696899
0.352499991655349731
0.547500014305114746
0.497200012207031250
0.501150012016296387
0.501649975776672363
0.090800002217292786
0.629999995231628418
0.152400001883506775
0.435666680335998535
0.352333337068557739
0.547666668891906738
0.496600002050399780
0.503050029277801514
0.502300024032592773
0.091600000858306885
0.630800008773803711
0.151999995112419128
0.435499995946884155
0.351333320140838623
0.546833336353302002
0.495400011539459229
0.502399981021881104
0.502600014209747314
0.091600000858306885
0.630800008773803711
0.152400001883506775
0.435999989509582520
0.353166669607162476
0.546833336353302002
0.495999991893768311
0.502499997615814209
0.502799987792968750
0.090800002217292786
0.630800008773803711
0.151600003242492676
0.435166656970977783
0.351833343505859375
0.547333359718322754
0.498299986124038696
0.499500006437301636
0.501399993896484375
0.092000000178813934
0.629999995231628418
0.151999995112419128
0.435333341360092163
0.352333337068557739
0.547666668891906738
0.496850013732910156
0.501150012016296387
0.501999974250793457
0.092399999499320984
0.630400002002716064
0.151999995112419128
0.435333341360092163
0.351166665554046631
0.546500027179718018
0.496699988842010498
0.500249981880187988
0.504100024700164795
0.092000000178813934
0.629999995231628418
0.152400001883506775
0.435999989509582520
0.352499991655349731
0.546166658401489258
0.497249990701675415
0.501900017261505127
0.501649975776672363
0.092799998819828033
0.629199981689453125
0.153999999165534973
0.435000002384185791
0.351666659116744995
0.546166658401489258
0.495900005102157593
0.500649988651275635
0.501649975776672363
0.091600000858306885
0.629599988460540771
0.152400001883506775
0.435333341360092163
0.352166652679443359
0.546666681766510010
0.497200012207031250
0.500450015068054199
0.501450002193450928
0.090800002217292786
0.629599988460540771
0.151999995112419128
0.436333328485488892
0.352833330631256104
0.546833336353302002
0.495249986648559570
0.500299990177154541
0.499650001525878906
0.091600000858306885
0.629999995231628418
0.151999995112419128
0.435666680335998535
0.351000010967254639
0.546500027179718018
0.497500002384185791
0.500949978828430176
0.501649975776672363
0.091600000858306885
0.629599988460540771
0.153600007295608521
0.435833334922790527
0.351166665554046631
0.547500014305114746
0.495000004768371582
0.501649975776672363
0.500249981880187988
0.090400002896785736
0.631600022315979004
0.152400001883506775
0.435833334922790527
0.352333337068557739
0.546999990940093994
0.497249990701675415
0.500899970531463623
0.502749979496002197
0.092000000178813934
0.630400002002716064
0.153600007295608521
0.435166656970977783
0.353333324193954468
0.546666681766510010
0.498400002717971802
0.500949978828430176
0.501150012016296387
0.090800002217292786
0.630400002002716064
0.151999995112419128
0.435499995946884155
0.351166665554046631
0.546166658401489258
0.495999991893768311
0.499599993228912354
0.501349985599517822
0.090800002217292786
0.630400002002716064
0.152400001883506775
0.436166673898696899
0.351833343505859375
0.546000003814697266
0.496650010347366333
0.498800009489059448
0.501749992370605469
0.091200001537799835
0.629999995231628418
0.153600007295608521
0.437333345413208008
0.351999998092651367
0.546500027179718018
0.496300011873245239
0.498950004577636719
0.501299977302551270
0.090800002217292786
0.629599988460540771
0.153200000524520874
0.437166661024093628
0.351000010967254639
0.547333359718322754
0.496100008487701416
0.500649988651275635
0.501749992370605469
0.089199997484683990
0.629599988460540771
0.153200000524520874
0.436833322048187256
0.351000010967254639
0.546666681766510010
0.498100012540817261
0.500450015068054199
0.500850021839141846
0.090800002217292786
0.629999995231628418
0.154400005936622620
